10131
10973
11236
12515
13123
13520
13806
1493
1587
1913
20117
20187
20337
20501
20635
2069
20726
20959
21214
2155
21774
21850
21987
22152
22806
23104
23314
23598
2371
23979
24115
24244
24371
24443
24482
24697
24716
24731
24789
2478
24978
25083
25162
25488
25565
25582
25920
26687
27533
27847
28075
28585
28785
29037
29284
2958
29641
29765
29885
30053
3010
30506
30709
30726
31060
31111
31210
31283
31515
31522
31538
31631
32571
32611
33245
33276
33972
34065
34196
34449
34679
34719
35047
36079
36115
36225
36357
36362
36418
36562
36735
36943
37087
37595
37945
37986
38227
3822
38550
3859
38917
39227
39396
39413
40226
40322
40544
40582
40734
41812
42045
42128
42129
42258
4242
42784
42861
43278
4331
43612
43846
44050
44237
44274
4431
4432
44710
44890
44979
45055
45137
45926
45941
45976
4601
46095
46101
46140
46160
46335
4633
46479
46854
46919
47239
47464
48362
48570
48986
4899
49218
49313
49439
4969
49779
4982
49907
5005
50247
50570
50612
50772
50939
51139
51186
51460
51657
51848
52278
52303
52571
52591
5274
52907
5365
536
53938
54528
5476
54885
55094
55790
56119
56225
56850
56879
56952
57052
5727
57690
57890
58041
58124
58315
58543
58921
58927
58985
59419
59439
5964
59744
60133
60137
60162
60432
6043
6045
60958
61144
61910
61968
62047
62056
62271
62318
62796
63043
63197
63403
63537
6376
640
64212
64512
64518
64604
64691
6526
65546
65628
65812
65867
65963
66000
66797
66848
66906
66963
67190
67443
6750
67624
67935
68030
68355
68383
68443
68479
6856
68711
688
68911
68999
69057
69123
69617
69706
70578
7060
70661
71103
71299
71452
71553
71683
71761
71800
71848
72072
72651
72967
74244
74419
7446
74548
74958
75041
75141
75499
75540
75846
75884
7591
7709
77195
77530
77850
78626
78817
78912
79732
80258
8042
80564
81318
81964
82577
84132
9131
9158
9181
9272
973
[m
