100010
10021
100499
100616
101006
101258
101268
101324
101509
101514
101937
102011
102263
102364
102428
102650
102858
103071
103162
103717
104027
104275
104472
104537
104542
104589
104802
104838
105165
105201
105401
105499
105736
105744
105769
105992
106002
10651
106702
106721
106724
10696
107381
107530
107776
10796
108021
109740
111231
111522
111913
112295
112363
112955
113568
113712
113791
114042
114179
114271
114309
114327
114642
114709
114952
11546
11560
116118
116216
116980
117032
117158
117195
117700
118783
119103
119409
119684
120303
121390
121406
121482
121583
12168
12183
122468
122695
123490
123992
124106
124108
124124
124154
124408
124839
125144
125296
125443
125473
125585
126008
126101
126232
126712
126948
127311
12783
127869
128678
129099
129119
129143
129835
129892
129945
130141
13078
13082
131123
131275
131487
131863
132300
132346
132912
133451
133482
133650
134631
135212
135253
135264
135335
135429
135434
13577
1358
136193
136203
136219
136490
136497
136660
136824
136972
137411
138838
138952
139859
140153
140210
140544
140625
140880
141583
141699
141946
142172
142310
142861
142876
142877
143014
143223
143274
143585
143830
144800
145178
14581
145947
146179
146536
146839
146897
147544
148758
149684
14976
15015
150656
150848
150972
151109
151494
151802
151874
152225
152227
152525
152550
153720
153915
154072
154560
154598
154890
155201
155333
156482
156577
156669
15694
157418
158685
158820
159246
159909
160323
160833
161717
161803
16254
163164
163373
164185
164402
164492
164843
165680
165991
16620
166243
166430
166465
166525
166674
167605
167710
167796
16809
168417
168626
168909
169393
169587
170488
170549
171062
171230
17157
17203
172831
172902
172977
174300
174497
174538
174658
175026
175052
176682
1767
176852
176964
177116
177128
17734
177547
177812
178238
179210
179212
180354
180984
181181
181186
181708
182780
182988
183578
183589
184175
185096
185152
185263
185336
186259
186512
187138
187173
18740
187460
188295
188498
188544
190693
191278
192700
193152
193369
193483
194797
195232
195243
195249
195803
196548
196874
197003
197220
197301
197586
198505
198605
198780
198974
199539
200174
200461
200563
200593
201292
201631
201740
201768
202100
203192
203221
203273
203612
203859
204153
204359
204378
204758
205136
205326
205457
205683
206210
206264
206771
207042
207190
20739
207591
208520
208612
208677
208908
209275
209635
21049
21214
21470
21660
22014
2253
22809
23104
23458
23470
24115
24371
2457
24635
24652
24731
24893
24933
25086
25321
25381
25521
25539
25565
26467
27660
28077
28331
28456
28675
29162
29394
29537
29587
2960
30046
30134
30391
30422
30774
31515
32092
32851
32904
33276
33584
33653
3374
3414
34196
34616
3493
3496
35470
35565
36158
37504
37945
38917
39105
3999
40715
40734
41129
41237
42076
42128
42784
43065
4318
43206
43278
43766
44296
44710
44890
4541
46092
46101
46823
47153
47537
47594
47878
48121
48520
48794
49394
49439
49786
49907
50197
50888
51432
51460
51657
52278
5272
52907
52929
53436
53687
5392
54196
54308
54885
55094
55285
55496
55590
55861
56822
56850
571
57690
57888
57890
58543
58822
58923
59036
59419
59669
60162
60504
60749
6094
60958
61128
61144
61910
62069
62177
62318
62869
63710
6384
64594
64655
64713
65822
6585
65963
66000
66089
66101
6681
6701
67059
67443
67938
68479
68522
68911
68970
69044
69706
70121
70577
70578
71024
71521
71602
7167
71800
72040
72651
72759
7297
73220
73342
73529
74147
74216
74244
74438
74548
74712
74779
74912
7535
75499
75562
75754
75873
76055
77195
77409
77660
77756
78081
78357
78650
78787
78912
79696
79732
80161
80258
80301
81163
81169
81314
81318
81332
81745
8182
82106
82160
82355
82577
83668
83733
83786
84132
84919
85426
85704
86137
86319
86386
86922
87145
87979
88024
88291
88355
88787
89013
89322
89378
89874
89909
90252
90445
90873
90935
92015
92134
92379
92699
9316
93267
93660
93738
93921
94261
9475
94813
95328
95708
96180
9673
96774
96828
96861
96991
97084
97145
97540
97599
97925
98423
98509
98793
98823
